101921
101936
102561
102618
102624
102891
102945
103005
103045
103077
103154
103401
103414
103545
103682
103981
104048
104459
104557
104872
105079
105164
105412
105574
105668
105729
105761
105767
105864
106278
106592
106758
106786
106944
107144
107596
108102
108144
108453
108506
108691
108784
108868
108874
108991
109074
109139
109332
109442
109466
109472
109509
109624
109647
109984
110000
110003
110009
110018
110023
110091
110179
110273
110391
110395
110529
110532
110578
110602
110672
110746
110778
110778
110960
111066
111086
111123
111170
111171
111200
111394
111449
111497
111515
111710
111761
111965
112179
112211
112529
112542
112615
112716
112961
113031
113127
113136
113148
113184
113345
113531
113673
113674
113686
113781
113801
113996
113998
114119
114341
114371
114375
114724
114750
114822
114855
114939
115015
115033
115115
115126
115142
115144
115257
115404
115438
115528
115669
115839
115906
115953
116060
116118
116247
116368
116428
116591
116758
116853
116889
116901
116957
116971
117089
117218
117314
117420
117494
117541
117567
117629
117722
117756
117797
