91975
92117
92386
92524
92872
92963
93124
93138
93179
93203
93244
93429
93488
93526
93580
93717
93747
93805
93867
94068
94149
94385
94477
94624
94720
94727
94833
94834
94885
94913
94916
94982
95002
95066
95073
95222
95253
95281
95447
95501
95572
95585
95664
95732
95793
95812
95820
95822
95898
95929
95937
96229
96327
96351
96356
96428
96468
96481
96483
96556
96630
96665
96807
96840
96931
96957
97139
97229
97278
97499
97649
97650
97675
97687
97697
97767
97804
97871
97928
97938
97966
97967
97970
97980
98036
98103
98385
98416
98526
98754
98823
98844
98910
98954
99171
99234
99473
99631
100232
100541
100664
100758
100977
101101
101692
101746
101847
