22393
22407
22545
22678
22699
22842
22955
23015
23179
23261
23416
23453
23511
23583
23767
23783
23799
24109
24340
24451
24504
24575
24608
24727
24738
24740
24771
24799
24813
24879
24902
25001
25048
25143
25192
25290
25291
25292
25471
25475
25476
25492
25541
25730
25810
25816
25984
26071
26315
26344
26363
26463
26536
26606
26712
26718
26779
26781
27196
27319
27483
27625
27639
27661
27673
27777
27778
27949
27973
28117
28343
28358
28360
28380
28385
28390
28404
28438
28499
28517
28562
28637
28642
28644
28677
28765
28820
28823
28861
28908
28930
28946
29025
29114
29388
29388
29404
29451
29569
29696
29949
30200
30247
30520
30827
30972
31173
31434
31579
31737
31771
31789
31832
31852
31889
32173
32190
32268
32480
32562
32844
33041
33044
33056
33064
33133
33269
33271
33377
33415
33614
34462
34752
35341
35623
35710
35725
35907
