66417
66640
66727
66763
66860
66992
67239
67275
67459
67480
67714
67787
67927
68030
68103
68276
68279
68478
68498
68594
68682
68687
69038
69068
69226
69316
69483
69536
69569
69592
69612
69673
69713
69732
69735
69751
69818
69829
69862
69879
69989
70027
70029
70310
70327
70384
70414
70497
70517
70602
70762
70791
70873
70892
71053
71075
71094
71115
71168
71243
71277
71280
71284
71406
71568
71571
71573
71618
71729
71759
71762
71762
71795
71832
71837
71857
71995
72012
72105
72105
72124
72125
72139
72208
72469
72487
72552
72567
72582
72659
72848
73068
73087
73100
73166
73369
73454
73464
73555
73568
73634
73695
73745
73841
73909
73941
73996
74000
74083
74087
74096
74121
74514
74561
74571
74596
74666
75043
75093
75178
75257
75369
75411
75572
75770
75973
76041
76534
76568
76594
76957
