38848
38975
39067
39177
39180
39191
39194
39236
39263
39535
39567
39659
39780
39874
40007
40023
40058
40085
40167
40231
40240
40354
40526
40617
40843
40866
40881
41117
41163
41319
41325
41377
41400
41404
41574
41578
41816
41822
41909
41940
42010
42049
42172
42187
42265
42365
42516
42538
42549
42556
42795
42806
42911
42917
42954
43100
43103
43121
43427
43454
43575
43584
43587
43721
43811
43834
43851
43932
43957
43970
44001
44010
44031
44066
44126
44154
44307
44342
44405
44406
44798
44818
44892
44946
45033
45058
45410
45614
45896
