29568
29679
29692
29735
29771
29843
29895
29941
29993
30011
30122
30214
30324
30376
30420
30436
30457
30468
30503
30711
30788
30836
30840
31024
31037
31084
31125
31190
31205
31266
31362
31416
31564
31592
31593
31599
31674
31688
31700
31758
31827
31859
31870
32144
32292
32322
32349
32366
32368
32385
32411
32492
32504
32677
32759
32809
32810
32827
33040
33077
33079
33092
33094
33126
33152
33160
33248
33302
33316
33330
33345
33347
33478
33492
33532
33575
33579
33591
33666
33703
33760
33804
33856
33977
34045
34142
34248
34301
34318
34360
34444
34561
34579
34617
34624
34758
34782
34798
34888
34914
34924
34940
34954
34981
35037
35044
35083
35132
35180
35205
35210
35213
35241
35326
35412
35415
35427
35442
35487
35611
35615
35626
35727
35795
35848
35855
35904
35920
35951
35957
35975
35998
36017
36024
36045
36168
36186
36251
