29913
30438
31079
31265
31407
32402
32494
32531
32761
33012
33588
33779
33800
34000
34105
34349
34780
35084
35564
35589
36114
36444
36496
36856
36942
36977
37248
37530
37599
37854
38152
38160
38438
38656
38667
38783
38827
38863
38908
38963
38994
39070
39073
39138
39184
39225
39238
39530
39566
39843
39903
39957
40429
40926
40932
41037
41653
42129
42134
42286
42568
42717
43105
43499
43620
43669
43763
43783
43937
44143
44256
44599
44626
44665
45080
45101
45219
45238
45418
45437
45496
45556
45571
45581
45585
45615
45856
46049
46101
46225
46328
46358
46460
46482
46620
46737
46741
46974
47391
47479
47498
47854
47913
48002
48002
48310
48339
48715
48782
49160
49164
49223
49233
49281
49698
49764
49926
49934
50044
50067
50083
50099
50287
50371
50847
50916
50954
50976
50993
51192
51194
51232
51313
51425
51438
51461
51495
51576
51623
51676
51732
51849
51912
52004
52043
52102
52127
52150
52221
52308
52370
52405
52419
52468
52487
52502
52520
52535
52537
52678
52679
52701
52736
52797
52827
52922
53154
53253
53272
53334
53394
53546
53701
54289
54294
54301
54327
54461
54463
54673
54751
54767
54829
55140
55280
