238
253
301
343
355
560
602
636
671
696
873
910
983
1158
1170
1191
1562
1728
1803
2100
2237
2337
2353
2381
2762
2787
2852
2941
3185
3193
3419
3436
3455
3505
3552
3559
3607
3717
3741
3834
3849
3858
3909
4104
4147
4257
4346
4371
4587
4914
4979
5121
5164
5170
5259
5296
5364
5485
5510
5594
5799
5833
5951
6226
6272
6283
6432
6537
6539
6564
6589
6605
6670
6717
6748
6822
6960
7276
7345
7450
7580
7679
7916
7999
8094
8102
8230
8497
8645
8778
9061
9326
9347
9372
9572
9589
9622
9631
9827
9999
10212
10215
10234
10305
10324
10326
10642
10723
11021
11029
11033
11046
11108
11261
11345
11348
11381
11484
11603
11671
11687
11738
11783
11791
11907
12002
12022
12093
12107
12114
12148
12247
12272
12318
12387
12390
12444
12447
12530
12562
12584
12706
12770
12828
12862
13679
13756
13954
14104
14135
14143
14315
14607
14915
14954
15383
15457
15619
118029
118178
