46410
47119
47193
47884
48017
51808
53761
56211
56583
57111
59291
59746
59796
60044
60589
60699
60998
61281
61384
62423
63076
63340
63432
63584
64774
66798
67589
67627
68537
68756
70952
71040
71111
71876
72664
73507
75256
75260
75458
75587
75696
75788
75822
75974
76311
76376
76509
76651
77272
77277
77370
77738
78017
78180
78527
78542
78632
78893
79125
79164
79414
79804
79867
80161
80309
80331
80375
80650
80710
80920
80991
81290
81292
81292
81358
81437
81660
81840
82020
82860
82880
83114
83138
83289
83359
83608
83608
83608
83895
84021
84183
84496
84950
85235
85290
85670
85692
85805
85819
85829
85923
86036
86184
86201
86219
86561
86614
86620
86782
87212
87234
87293
87585
87670
87728
87744
87833
88127
88136
88732
89047
89348
89448
89835
89908
89937
89943
89981
90146
90156
90182
90344
90476
90647
90905
91013
91196
91315
91525
91606
91755
91811
91843
91915
91985
92040
92056
92112
92133
92269
92512
92549
92689
92731
92782
92822
92969
92997
93197
93299
93340
93466
93713
93733
94083
94140
94302
94376
94490
94648
95038
95081
95154
95167
95576
95978
96100
96164
97122
97326
97433
98308
98333
98401
98583
98658
98702
98872
98890
98962
99500
100017
100221
100261
100357
100965
101044
101082
101134
101260
102208
102599
