7588
7751
7751
7978
8241
9007
9085
10138
10602
11102
11407
12413
12486
12611
12843
13271
13288
13402
13421
13479
13701
13717
13782
13835
13847
13847
13874
13883
13951
14040
14060
14110
14124
14146
14168
14187
14293
14456
14757
14814
14819
14913
15197
15203
15244
15382
15411
15474
15510
15643
15776
16015
16142
16263
16266
16285
16310
16341
16537
16611
16677
16780
16803
16870
16989
17027
17057
17086
17136
17167
17351
17378
17395
17457
17506
17593
17651
17717
17734
17797
17797
17797
17798
17805
17874
18141
18173
18213
18216
18255
18255
18262
18339
18455
18543
18606
18647
18673
18723
18788
18859
18926
18990
19011
19037
19095
19111
19121
19398
19483
19511
19571
19587
19725
19777
19849
19996
20042
20075
20106
20263
20264
20271
20341
20347
20465
20467
20507
20535
20765
20892
20922
20997
21042
21110
21139
21192
21239
21248
21278
21296
21297
21298
21363
21393
21428
21444
21486
21547
21594
21644
21685
21718
21743
21763
22024
22028
22086
22109
22192
22263
22325
22336
22439
22479
22701
22860
22881
22958
23060
23221
23231
23311
23364
23475
23794
23875
23916
23941
23972
