40107
40766
40818
40858
40859
41036
41080
41211
41214
41299
41307
41375
41547
41564
41597
41893
42008
42028
42142
42146
42299
42313
42402
42509
42662
42799
42835
42854
42931
43026
43035
43067
43109
43142
43204
43234
43305
43496
43570
43580
43726
43798
43813
43822
43899
43902
44075
44162
44315
44356
44659
44738
44883
44923
44936
44961
45150
45158
45167
45184
45336
45424
45526
45527
45559
45743
45751
45811
45854
46221
46288
46371
46390
46404
46504
46509
46511
46529
46543
46569
46618
46744
46768
46776
46813
46840
46859
46869
46880
46893
46897
46982
47070
47249
47310
47427
47431
47452
47454
47522
47592
48356
48396
48559
48584
48615
48763
48943
49321
49339
49402
49569
49689
49802
49809
49841
50066
50536
50790
51069
51364
51491
51551
51718
51795
51905
51933
51979
52009
52085
52113
52391
52737
52841
52943
53252
53699
53818
53963
54204
54255
54477
54561
54725
55164
55953
56280
56280
56293
56332
56343
56452
56620
56657
56922
57001
57047
57613
57841
57936
57971
58082
58158
58272
58436
59008
59307
60603
60735
61621
61720
62131
62448
62500
62788
63243
64166
64962
65835
66060
66065
66400
66563
67071
67143
67523
67890
68177
68269
68390
68581
68895
69398
69415
69458
69623
69965
70306
70753
72197
72323
72357
72378
72571
73284
73566
