46058
46146
46232
46454
46457
46750
46771
46774
46938
47096
47168
47189
47205
47508
47544
47550
47701
47723
47908
47943
47959
48218
48390
48455
48734
48876
48883
48982
49029
49220
49445
49583
49637
49669
49929
50109
50174
50319
50333
50335
50336
50384
50516
50564
50583
50755
50851
51008
51161
51213
51585
51624
51775
51802
52513
52660
52686
52689
52911
53141
53167
53240
53273
53417
53417
53423
53449
53472
53807
53824
53907
53954
54027
54049
54182
54336
54487
54688
54849
54863
54872
54879
54951
55016
55084
55137
55249
55434
55595
55642
55650
55716
55765
55791
55941
55945
56080
56127
56146
56242
56445
56508
56601
56647
56975
57240
57565
57606
57632
57646
57779
58159
