28321
28325
28574
28744
28854
28949
29210
29323
29401
29417
29629
29651
29705
29711
29996
30028
30073
30217
30382
30407
30419
30448
30541
30545
30595
30608
30660
30666
30675
30717
30720
30728
30772
30798
30804
30867
30867
30906
30986
31066
31119
31121
31159
31167
31168
31216
31278
31385
31446
31448
31583
31646
31662
31672
31697
31733
31766
31978
31992
32012
32064
32067
32177
32226
32463
32474
32533
32558
32578
32617
32682
32698
32838
32851
32931
32990
33024
33082
33184
33210
33243
33297
33372
33420
33584
33603
33644
33719
33729
33873
33878
33971
34002
34066
34086
34215
34338
34536
34622
34724
34769
34975
34982
34999
35080
35127
35301
35707
35737
35749
36055
36388
36396
36399
36526
36640
37000
37088
37394
37447
37901
38253
38307
38474
39079
39211
39326
39625
39675
39863
39898
