78849
78870
79463
79593
79781
79882
80227
80343
80473
80558
80569
80620
80628
80693
80793
80883
80883
80894
80975
81300
81377
81440
81580
81632
81687
81724
81728
81734
81754
82037
82162
82259
82339
82369
82405
82480
82621
82673
82693
82730
82861
82925
82979
83000
83176
83196
83262
83331
83567
83601
83635
83677
83684
83688
83738
83740
83853
83854
83906
83962
84012
84113
84175
84177
84402
84405
84405
84479
84500
84514
84524
84626
84649
84671
84792
84801
84893
84970
85042
85084
85139
85195
85207
85242
85307
85333
85340
85355
85365
85391
85423
85442
85474
85537
85667
85749
85755
85783
85826
85922
85998
86032
86284
86373
86391
86476
86575
86725
86736
86742
86768
86831
87108
87150
87335
87428
87491
87495
87558
87655
87812
87847
87866
87875
87910
88048
88101
88148
88149
88192
88213
88290
88404
88522
88601
88765
88771
88862
88964
89000
89065
89527
89677
89772
89918
90052
90313
90487
90971
91217
91237
91523
