22044
22157
22189
22354
22449
22509
22549
22597
22667
22730
22797
22833
22834
22840
22845
22913
22957
23041
23092
23123
23161
23296
23408
23607
23643
23680
23852
23879
23983
24010
24041
24130
24162
24197
24203
24294
24331
24349
24377
24436
24450
24493
24555
24607
24674
24817
24847
24925
25028
25041
25044
25142
25187
25205
25223
25247
25281
25282
25288
25302
25329
25336
25378
25401
25453
25473
25502
25582
25638
25667
25708
25737
25751
25785
25786
25790
25813
25861
25869
25923
25930
25980
26063
26093
26106
26108
26126
26176
26197
26199
26207
26215
26220
26221
26234
26235
26237
26241
26257
26263
26268
26311
26345
26366
26386
26414
26427
26477
26487
26535
26549
26563
26594
26624
26713
26727
26728
26736
26762
26885
26926
26953
27118
27212
27253
27280
27341
27366
27386
27435
27549
27560
27588
27658
27713
27747
27750
27900
27902
27913
27939
27965
27989
28011
28019
28110
28139
28232
28252
28271
28296
28302
28413
28614
28686
28691
28716
28812
28814
29038
29151
29326
29371
29426
29433
29434
29525
29575
29616
29650
29678
29704
29716
29728
29736
29746
29798
29800
29850
29860
29931
29982
30019
30093
30099
30318
30517
30564
