34
171
399
476
716
729
1067
1168
1193
104771
105411
105502
105860
106021
106062
106064
106140
106243
106595
106605
106787
106856
106872
106897
107151
107173
107315
107348
107350
107354
107472
107502
107558
107575
107734
107763
107788
107887
107956
107975
108022
108060
108090
108119
108296
108339
108612
108693
108699
108766
108875
108969
109023
109056
109068
109176
109209
109212
109240
109276
109352
109410
109427
109439
109445
109458
109471
109493
109577
109602
109654
109730
109939
109977
110298
110341
110371
110386
110548
110696
110785
110873
110882
110986
110992
111062
111068
111191
111278
111296
111567
111601
111649
111810
111884
111974
112029
112032
112051
112067
112158
112358
112440
112447
112748
112935
112997
113186
113357
113445
113503
113881
113963
113994
114081
114096
114144
114155
114189
114347
114389
114449
114520
114526
114607
114641
114725
114742
115148
115250
115271
115355
115407
115444
115591
115623
115806
115919
116119
116264
116307
116310
116355
116592
116611
116768
116972
117020
117073
117500
117628
117710
117718
117730
118048
118131
