7786
8068
8598
8704
8714
8771
8847
9222
9505
9990
10115
10227
10718
10729
11060
11174
11279
12623
12686
12690
12692
12768
12777
12982
12990
13178
13254
13268
13328
13339
13462
13490
13531
13713
13732
13775
13832
13879
13905
13949
13965
13997
14043
14047
14328
14354
14365
14382
14392
14544
14566
14576
14632
14668
14817
14887
14914
15004
15118
15191
15192
15204
15209
15219
15241
15334
15338
15404
15416
15444
15648
15669
15770
15863
15876
15988
16147
16168
16210
16244
16252
16335
16340
16424
16447
16470
16499
16516
16518
16591
16826
16938
17203
17313
17358
17437
17448
17460
17475
17529
17584
17732
17772
17846
17886
17932
18081
18094
18212
18246
18396
18434
18453
18532
18565
18614
18769
19167
19302
19335
19343
19525
19811
19812
20063
20070
20156
20231
20234
20241
20252
20354
20498
20579
20591
20704
21038
21242
21476
21823
21847
21928
21972
22034
22220
22453
