145
154
186
194
417
443
635
664
813
840
1196
1319
1421
1465
1645
1772
1939
2006
2213
2219
2224
2235
2548
2568
2734
2832
2903
2954
3093
3138
3632
3675
3685
3697
3760
3765
3786
3810
3885
3992
4267
4317
4366
4510
4520
4655
4889
4906
5034
5074
5081
5131
5132
5141
5175
5204
5310
5319
5346
5454
5483
5494
5544
5571
5586
5679
5737
5742
5743
5772
5778
5824
5936
6025
6061
6193
6315
6492
6669
6706
6732
6868
6981
7007
7097
7359
7436
7447
7535
7740
7874
7884
7981
8159
8198
8404
8833
9353
9487
9487
9809
113167
113360
113421
113433
113465
113521
113610
113622
113889
113904
114005
114273
114971
115227
115476
115738
115768
115830
116146
116323
116495
116771
116918
116928
117245
117375
117491
117683
117761
117774
117887
117927
118209
118268
