28764
28790
29129
29304
30591
30953
31685
31765
32007
32208
32434
32537
32765
32768
32855
32918
32938
33139
33189
33357
33394
33451
33558
33590
33774
33909
34059
34065
34081
34253
34339
34495
34670
34802
34817
34834
34899
34922
35020
35029
35054
35181
35202
35226
35264
35347
35363
35393
35406
35463
35893
35960
36143
36236
36258
36345
36362
36363
36377
36395
36431
36514
36657
36721
36728
36732
36736
36773
36778
36795
36807
36817
36817
36848
36917
36981
36986
37036
37043
37089
37096
37128
37173
37174
37202
37223
37229
37229
37297
37322
37329
37345
37364
37379
37450
37461
37465
37590
37606
37623
37648
37664
37666
37677
37710
37751
37752
37819
37823
37843
37853
37891
37915
37951
37982
37995
38010
38020
38031
38037
38048
38070
38074
38089
38146
38159
38164
38167
38170
38183
38184
38200
38211
38246
38267
38355
38370
38372
38375
38382
38414
38423
38427
38455
38497
38500
38518
38593
38635
38686
38732
38792
38835
38845
38846
38872
38879
38901
38917
38957
39014
39023
39035
39038
39061
39095
39122
39153
39251
39299
39360
39380
39420
39429
39487
39524
39617
39734
39757
39866
39876
39906
39920
39943
40035
40063
40084
40091
40096
40220
40259
40274
40291
40321
40324
40326
40341
40344
40476
40485
40604
40656
40678
40693
40706
40787
40876
40943
40944
40945
40947
40990
41067
41074
41107
41242
41250
41260
41282
41306
41323
41328
41361
41395
