77635
77840
77858
77859
77900
77909
77984
78104
78168
78246
78265
78401
78575
78650
78699
78820
78821
78877
78933
78955
78990
79005
79031
79050
79098
79199
79203
79302
79320
79374
79375
79387
79399
79404
79530
79540
79596
79599
79605
79622
79672
79692
79881
79938
79945
79980
80066
80079
80112
80337
80390
80672
80763
80815
80910
80911
80945
81198
81266
81304
81305
81472
81523
81741
81891
81903
81904
81914
81972
81992
82135
82396
82453
82493
82514
82545
82650
82669
82671
82676
82716
82729
82731
82775
82855
82911
82960
83100
83235
83336
83491
83574
83594
83650
83693
83706
83896
84033
84143
84150
84151
84226
84401
84425
84445
84489
84551
84650
84690
84709
85019
85020
85048
85162
85237
85543
85589
85696
85786
85839
85889
85927
86011
86170
86228
86246
86311
86670
86698
86847
87042
87073
87220
87261
87294
87390
87460
87472
87516
87523
87532
87567
87569
87616
87624
87671
87722
87846
87936
