15807
15850
15900
16083
16095
16322
16358
16369
16511
16641
16664
16846
16852
16924
17058
17103
17120
17181
17309
17408
17453
17489
17499
17527
17531
17563
17573
17579
17588
17595
17608
17702
17771
17776
17847
17851
17900
17921
17954
18033
18089
18170
18471
18481
18485
18508
18658
18717
18724
18735
18805
18907
18957
18975
18993
19009
19038
19076
19171
19205
19261
19284
19376
19388
19513
19554
19641
19672
19719
19720
19736
19740
19799
19859
19860
19877
19990
20087
20171
20186
20188
20205
20219
20250
20255
20261
20268
20284
20400
20417
20430
20455
20484
20493
20522
20533
20542
20614
20635
20641
20648
20661
20711
20713
20715
20732
20771
20789
20804
20842
20848
20873
20877
20884
20885
20889
20894
20901
20904
20995
21029
21036
21039
21082
21137
21152
21269
21273
21295
21323
21402
21408
21421
21459
21515
21588
21589
21604
21670
21673
21683
21689
21735
21819
21881
21961
22128
22176
22441
22565
22697
22850
22949
23043
23068
23088
23497
23589
23835
23871
23883
23900
24019
24512
24820
24822
24977
24984
25216
25278
25410
25428
25499
25539
25555
25583
25695
25806
25945
25950
26064
26072
26248
26291
26382
26451
26616
26640
26777
26853
26964
27265
27316
27338
27364
27421
27468
27511
27581
27629
27743
27830
28154
28237
