15520
15890
16228
16281
16292
16303
16587
16599
16602
16974
17296
17342
17585
17587
17707
17854
17858
17884
17891
17959
18067
18217
18438
18488
18505
19018
19129
19172
19177
19400
19412
19673
19730
19823
19949
19968
19983
20266
20376
20380
20456
20772
21148
21247
21452
21727
21730
22287
22300
22361
22508
22626
22720
22783
22854
22936
23040
23216
23380
23442
23484
23522
23582
23617
23734
23743
23766
24003
24017
24254
24313
24440
24479
24732
24836
24914
25110
25197
25769
26408
26410
26638
26882
26942
27046
27249
27731
27795
27971
28205
28829
28831
28951
29246
29490
29730
29997
30794
31703
31940
31946
32439
32864
33104
33694
33827
34956
35735
36019
36528
36547
37949
39117
39261
39340
39538
40793
41208
42249
42484
45421
45764
49688
51384
51502
56253
58545
58874
58952
59384
59504
62170
62561
62572
64437
65595
66878
