99221
99457
99529
99572
99825
99918
100027
100062
100064
100195
100310
100325
100345
100524
100881
101011
101027
101090
101123
101221
101345
101384
101507
101608
101808
101923
101984
101997
102026
102094
102485
102487
102772
102780
102978
103226
103389
103460
103616
103777
104019
104139
104234
104297
104365
104452
104914
104963
104974
105143
105515
105576
105662
105665
105881
105928
106039
106363
106559
106590
106723
106938
106985
107095
107128
107188
107232
107238
107302
107382
107487
107517
107556
107750
107797
107901
108036
108494
