43
106
124
207
274
330
418
518
531
746
1354
1372
1415
1921
1960
1982
2377
2422
2474
2497
2505
2599
2611
2628
2854
2876
2920
3083
3179
3299
3300
3334
3414
3478
3504
3544
3572
3641
3649
3721
3750
3801
3821
3951
3965
3988
4023
4151
4212
4292
4298
4383
4422
4427
4440
4446
4572
4709
4962
4998
5021
5240
5251
5336
5361
5518
5542
5566
5589
5926
6242
6261
6312
6378
6486
6685
6686
6692
7050
7078
7251
7294
7617
7650
7963
7965
8016
8020
8046
8115
8148
8362
8886
9009
9220
9312
9480
9564
9573
9586
9598
9727
9763
10350
10438
11569
12239
12273
12821
13133
13347
13367
13665
13700
14502
14862
16319
17056
113561
113684
113852
114104
114163
114365
114622
114924
115218
115245
115395
115590
115990
116876
116912
116962
117299
117301
117447
117450
117472
117863
117957
118077
118243
