54264
54291
54360
54746
54783
54811
54840
54929
55130
55425
55528
55581
55588
55667
55756
55763
55779
55831
55849
56000
56201
56243
56250
56319
56391
56480
56497
56518
56561
56573
56606
56632
56656
56700
56754
56970
56986
57013
57165
57175
57211
57322
57371
57439
57443
57497
57512
57669
57741
57803
57870
58041
58103
58177
58242
58453
58803
59173
59184
59196
59229
59232
59353
59439
59449
59607
59654
59785
59950
60059
60449
60454
60463
60549
60591
60610
60710
60729
60823
60855
60979
61328
61379
61468
61498
61622
61789
61916
61932
62012
62081
62128
62360
62655
62683
62703
62786
62799
62821
62861
62867
62896
63033
63066
63210
63490
63724
63820
63883
63945
63972
64003
64004
64033
64053
64320
64332
64348
64395
64408
64425
64472
64478
64515
64557
64580
64583
64623
64651
64803
64822
64933
65108
65109
65112
65129
65144
65247
65271
65288
65303
65311
65387
65479
65535
65593
65606
65621
65630
65810
65936
66019
66236
66427
66438
66454
66575
66645
66656
66657
66666
66681
66821
66849
66923
66924
66925
66984
67036
67153
67234
67244
67292
67304
67457
67464
67472
67537
67648
67663
67669
67669
67696
67703
67786
67819
67836
67851
67861
67973
68002
68079
68101
68191
68245
68282
68333
68493
68523
68670
68673
68702
68842
68862
68872
68902
68933
69065
69113
69122
69174
69191
69462
69491
69598
69618
69655
69671
69995
70035
70069
70090
70243
70264
70300
70580
70626
70966
70987
71154
71333
71352
71353
71429
71453
71581
71681
71683
71746
71783
71865
72010
72104
72296
72432
72772
72800
72959
73049
73107
73116
73279
73334
73341
73493
73559
