302
379
760
3132
4283
5372
5412
5626
5928
5947
6522
9568
10054
13055
14417
14844
15547
16489
19454
19461
20776
20860
20982
23265
28532
37391
99255
99663
101093
102011
102216
102253
102258
102358
102422
102431
103219
103346
103598
103810
104105
104171
104642
104756
104788
104968
105080
105091
105199
105259
105268
105370
105727
105949
105972
106032
106052
106227
106801
106886
107119
107197
107230
107259
107374
107418
107555
107586
107723
107930
108165
108209
108226
108317
108364
108420
108505
108535
108772
108917
108917
108924
109005
109017
109124
109190
109400
109434
109474
109492
109556
109572
109585
109592
109620
109693
109746
109857
109972
110103
110497
110498
110725
110787
110817
110919
110988
110991
111056
111242
111314
111325
111532
111660
111797
112508
112519
112635
112724
112833
112864
112998
113116
113498
113864
114212
114222
114227
114745
114831
114984
115088
115746
115770
116380
116714
116727
116728
117265
117371
117712
