94013
94336
94623
94755
94779
94890
94974
95372
95556
95656
95853
95947
95951
95953
96003
96014
96052
96198
96258
96288
96302
96387
96441
96459
96503
96620
96683
96693
96706
96724
96805
96825
96895
96901
96907
96977
97028
97033
97070
97081
97087
97118
97151
97165
97228
97242
97295
97307
97372
97376
97538
97630
97634
97635
97651
97700
97757
97774
97789
97845
97870
97892
97985
98044
98055
98068
98073
98110
98111
98143
98194
98325
98379
98383
98425
98563
98571
98767
98858
98863
98915
98921
98946
99026
99031
99145
99303
99579
99639
99655
99675
99685
99770
99841
99848
99870
99889
99893
99929
99968
100016
100044
100069
100097
100108
100122
100142
100268
100295
100434
100437
100453
100486
100501
100515
100574
100587
100714
100808
100859
100866
100907
101067
101076
101084
101133
101138
101214
101243
101245
101285
101474
101475
101556
101756
101765
101899
101900
101986
102033
102066
102098
102155
102177
102276
102453
102488
102499
102530
102571
102585
102589
102635
102642
102712
102724
102827
102843
102993
103079
103089
103094
103145
103312
103359
103360
103371
103413
103519
103530
103532
103632
103732
103734
103828
103894
103929
103949
103956
103963
104060
104185
104194
104214
104217
104371
104516
104732
104765
104822
104887
104962
105034
105064
105101
105102
105138
105186
105229
105269
105282
105406
105432
105497
105558
105637
105769
105811
105891
105898
105942
106003
106093
106171
106267
106393
106420
106481
106518
106551
106642
106661
106711
106752
106771
106999
107041
107097
107129
107136
107140
107162
107186
107235
107253
107310
107445
107533
107637
107664
107856
108758
108845
