77760
77907
77986
78153
78286
78481
78592
79043
79045
79101
79102
79332
79349
79357
79488
79581
79666
79953
79992
80008
80021
80170
80351
80460
80463
80514
80704
80809
80816
80843
80888
80898
80953
81007
81008
81126
81231
81289
81337
81425
81497
81641
81659
81670
81693
81729
81833
81911
82012
82028
82073
82172
82216
82241
82321
82350
82355
82402
82419
82422
82426
82504
82587
82611
82764
82780
82798
82802
82987
82989
83007
83013
83207
83254
83308
83313
83365
83367
83430
83462
83478
83493
83494
83504
83565
83575
83593
83613
83692
83816
83838
83947
84054
84108
84345
84345
84379
84380
84431
84573
84599
84606
84631
84656
84691
84821
84833
84835
84855
84862
84887
84934
84938
84949
85112
85112
85157
85181
85185
85187
85302
85313
85379
85382
85385
85688
85693
85715
85790
85888
85912
85930
86096
86118
86130
86178
86182
86254
86414
86462
86501
86506
86537
86546
86623
86667
86713
86731
86732
86809
86925
86974
87044
87158
87192
87194
87308
87341
87434
87445
87563
87747
87777
87808
87850
87895
87933
87998
88020
88122
88128
88172
88190
88217
88267
88267
88277
88331
88346
88415
88429
88528
88565
88604
88636
88657
88745
88788
88794
88817
88818
88836
88886
88899
88929
88972
89008
89156
89172
89246
89279
89298
89684
89773
89827
89861
89925
89935
90023
90067
90086
90139
90256
90337
90342
90637
90762
90915
91118
91139
91279
91958
92043
92131
92161
92270
92312
92593
92614
92818
92937
