69996
70054
70104
70270
70325
70363
70574
70576
70663
70915
70931
71121
71182
71184
71419
71500
71536
71639
71658
71860
72250
72290
72308
72338
72683
73095
73111
73241
73273
73354
73624
73764
73807
73807
73826
73901
73937
74006
74066
74100
74117
74224
74305
74336
74376
74380
74395
74418
74449
74479
74604
74696
74707
74716
74857
74875
74911
74929
74950
75003
75141
75164
75177
75181
75206
75264
75304
75439
75501
75647
75742
75828
76063
76207
76234
76297
76371
76395
76397
76552
76608
76705
76739
76809
76829
76939
76945
77086
77286
77350
77358
77634
77729
77985
78046
78058
78105
78106
78142
78236
78323
78384
78445
78486
78655
78665
78726
78747
78918
78970
