29919
30060
30272
30651
30679
31039
31665
31676
32261
32489
32609
33048
33444
33449
33485
34168
34250
34912
35136
35146
35304
35384
35643
35785
35984
36145
36348
36439
37023
37046
37091
37140
37369
37406
37441
37609
37701
37946
38325
38449
38623
38639
38723
38959
39221
39279
39722
39847
39938
39995
40305
40646
40677
40875
41075
41152
41224
41262
41484
41798
41894
41935
41975
42090
42604
43410
43531
43550
43553
43685
43894
43923
44231
44248
44331
44700
44897
45290
45412
45688
45860
47029
47300
47570
