87072
87099
87163
87706
87836
88012
88038
88060
88060
88116
88125
88258
88294
88298
88380
88469
88550
88567
88635
88694
88760
88816
88839
89010
89020
89086
89153
89341
89369
89439
89440
89470
89609
89620
89622
89637
89642
89678
89931
89968
89980
90012
90074
90124
90185
90260
90289
90290
90336
90485
90494
90496
90510
90687
90763
90806
91004
91014
91172
91347
91405
91438
91689
91781
91901
91918
91974
92016
92041
92079
92111
92390
92480
92635
92643
92747
92761
92845
92855
92882
92931
93057
93085
93134
93140
93225
93234
93315
93418
93423
93498
93506
93537
93543
93667
93683
93763
93855
93864
93887
93925
93993
93996
94141
94144
94272
94372
94434
94437
94643
94645
94820
94929
94986
95077
95159
95168
95176
95188
95211
95241
95294
95347
95396
95408
95456
95477
95485
95503
95557
95564
95619
95823
95865
95965
96234
96365
96406
96440
96465
96496
96536
96729
96760
96808
96950
97063
97067
97260
97290
97423
97515
97749
97783
97944
98032
98066
98162
98258
98351
98353
98412
98421
98461
98470
98485
98512
98575
98579
98633
98688
98761
98785
98842
99461
99570
99878
99920
100469
100591
100738
100764
