40215
40772
40889
41060
41676
41704
41927
42080
42372
42415
42438
42452
42527
42777
43266
43624
43644
43903
44127
44390
44471
44504
44613
44717
44857
44901
45038
45075
45333
45455
45461
45493
45590
45836
45915
46168
46247
46471
46733
46853
46977
47006
47013
47401
47594
47633
47654
47791
47965
48113
48266
48319
48402
48638
48682
48802
48861
48893
49005
49363
49408
50222
50372
50448
50509
50546
50635
50685
50786
50801
50933
51200
51248
51290
51401
51448
51459
51658
51814
52136
52338
52353
52425
52469
52478
52577
52685
52877
53043
53064
53157
53257
53261
53295
53377
53426
53465
53706
53721
53726
53781
53791
53798
53838
53860
53910
54061
54136
54522
54537
54539
54540
54721
54745
54842
55086
55219
55266
55412
55485
55560
55564
55797
55821
56034
56035
56083
56135
56148
56170
56290
56410
56510
56731
56770
56784
56789
56944
56997
57029
57045
57399
57477
57670
57805
57939
58001
58181
58259
58369
58460
58654
58684
58989
59458
59708
59774
59920
60212
60584
60795
60978
60992
61053
61936
62046
62402
62512
62956
63503
63952
65378
65378
65477
65678
65728
66198
66634
66700
66704
66738
67005
67231
67301
67485
67548
67848
68637
