39527
39584
39690
39919
39953
39961
39970
40077
40155
40183
40282
40285
40357
40433
41039
41081
41296
41373
41483
41621
41639
41674
41737
41781
41813
41861
41986
42001
42070
42088
42123
42177
42312
42400
42459
42504
42535
42536
42540
42564
42570
42614
42624
42679
42712
42715
42726
42834
42884
42913
43023
43073
43082
43148
43177
43195
43209
43325
43347
43354
43392
43413
43589
43603
43671
43797
43807
43878
44024
44093
44191
44213
44299
44337
44367
44423
44511
44708
44816
45085
45122
45127
45189
45242
45259
45270
45314
45328
45344
45386
45413
45439
45448
45481
45505
45544
45603
45631
45675
45742
45814
45920
45924
45941
45962
46093
46114
46283
46297
46594
46651
46701
46811
46914
46914
46950
47145
47172
47175
47204
47267
47559
47694
47717
47963
48119
48224
48287
48348
48374
48527
48561
48613
48706
48730
48774
48799
48835
49137
49259
49485
49712
49844
49994
50070
50078
50191
50232
50241
50332
50480
50493
50555
50609
50676
50799
50903
51014
51077
51140
51245
51523
51560
51561
51610
51635
51816
51986
52112
52154
52727
52742
53379
53530
53762
53771
53773
54137
54185
