56756
56775
56779
57214
57328
57380
57562
57629
57757
57791
58002
58110
58445
58510
58576
58590
58603
58741
58948
59010
59285
59309
59608
59750
60030
60129
60172
60595
60804
60813
61103
61134
61246
61318
61558
61637
61658
61740
61937
61941
61960
61968
62103
62267
62325
62376
62394
62421
62443
62757
62875
62915
62933
62983
62985
63090
63414
63494
63608
63738
64078
64122
64179
64181
64224
64238
64407
64445
64577
64607
64725
64792
64823
64838
64852
64924
65183
65198
65241
65301
65323
65417
65420
65474
65545
65581
65639
65721
65790
65796
65862
65892
66006
66015
66091
66098
66200
66247
66249
66320
66803
66936
67057
67139
67172
67246
67271
67288
67494
67545
67929
68092
68380
68520
68705
68707
68739
68763
68776
68940
69269
69340
69389
69427
69493
69564
69658
69701
69727
69747
69792
69929
69974
70012
70022
70319
70400
70680
70755
70794
70894
70949
71957
72122
72154
72220
72629
73193
73350
73536
73620
74026
